qcd_rpfT_3_par0: 4.989273829203986 +/- 0.5024381424650124
qcd_rpfT_3_par1: -5.865385891100251 +/- 3.743769649922525
qcd_rpfT_3_par2: 6.803410752545203 +/- 15.105005954935917
qcd_rpfT_3_par3: -54.317951005762495 +/- 44.491355092311125
qcd_rpfT_3_par4: 7.834200169226401 +/- 10.80510533843887
qcd_rpfT_3_par5: 35.46444798616488 +/- 152.3700058043149
qcd_rpfT_3_par6: 65.1170081102124 +/- 50.198045943751936
qcd_rpfT_3_par7: -80.91696088646464 +/- 190.263313125647
qcd_rpfT_3_par8: -9.113350629863048 +/- 9.55553996800406
