qcd_rpfT_3_par0: 5.277719520424859 +/- 0.0010712491561624127
qcd_rpfT_3_par1: -7.502363061500267 +/- 0.13722080795253966
qcd_rpfT_3_par2: 0.284740370258489 +/- 0.01403159400453946
qcd_rpfT_3_par3: -19.274192852081672 +/- 1.1316225099943562
qcd_rpfT_3_par4: 9.08166272787599 +/- 0.42373799682217594
qcd_rpfT_3_par5: 37.726076786071026 +/- 0.13314074780547713
qcd_rpfT_3_par6: 30.995927771839245 +/- 2.9259841893251384
qcd_rpfT_3_par7: -98.50157904789187 +/- 3.8569716336044877
qcd_rpfT_3_par8: -8.151288517993011 +/- 0.9206936675040334
