qcd_rpfT_1_par0: 4.295436786198234 +/- 0.11724175348409771
qcd_rpfT_1_par1: -3.5076039334037405 +/- 0.3772653799609118
qcd_rpfT_1_par2: 1.2291807248114028 +/- 1.3655754453483755
