qcd_rpfT_1_par0: 4.32929421027033 +/- 0.10618842451757526
qcd_rpfT_1_par1: -3.674062110596509 +/- 0.2724695528636438
qcd_rpfT_1_par2: 1.2223525988396962 +/- 1.410338232967193
