qcd_rpfT_2_par0: 4.6209050692304485 +/- 0.006545322614463611
qcd_rpfT_2_par1: -6.188064516989081 +/- 0.014769405501829702
qcd_rpfT_2_par2: 4.810356056305947 +/- 2.2197358050546323
qcd_rpfT_2_par3: -11.842809862507837 +/- 4.502736959966556
qcd_rpfT_2_par4: 2.1390620021556 +/- 0.0213476943868387
qcd_rpfT_2_par5: -8.543908823589577 +/- 0.24733772731434467
