qcd_rpfT_2_par0: 4.66047263602012 +/- 0.23564834414411084
qcd_rpfT_2_par1: -6.2007510898852765 +/- 0.9896866219470444
qcd_rpfT_2_par2: 3.9778592354582374 +/- 5.230277634451683
qcd_rpfT_2_par3: -5.466459885682676 +/- 7.694266752090611
qcd_rpfT_2_par4: 1.4800106198671579 +/- 0.9322888468516558
qcd_rpfT_2_par5: -17.730945117534475 +/- 21.107866235691844
