qcd_rpfT_3_par0: 5.120890120271757 +/- 0.21674454687906497
qcd_rpfT_3_par1: -6.711895646584861 +/- 1.7718412606562453
qcd_rpfT_3_par2: 4.939944669486611 +/- 4.0960518489255335
qcd_rpfT_3_par3: -24.55107340098263 +/- 16.46483280219523
qcd_rpfT_3_par4: 7.915658554363313 +/- 4.789080555852964
qcd_rpfT_3_par5: -6.018584523824911 +/- 24.10641100210786
qcd_rpfT_3_par6: 13.921326877634867 +/- 19.346269008796448
qcd_rpfT_3_par7: 29.408470835647098 +/- 36.56306679415479
qcd_rpfT_3_par8: -4.610819076441161 +/- 3.759492467746775
