qcd_rpfT_3_par0: 5.11499649574444 +/- 0.2035421391064185
qcd_rpfT_3_par1: -6.7371345126806945 +/- 1.6349306703085222
qcd_rpfT_3_par2: 5.405812833335866 +/- 4.207202648561973
qcd_rpfT_3_par3: -26.46144928739234 +/- 16.53870536127182
qcd_rpfT_3_par4: 8.031976803629842 +/- 4.271577298133802
qcd_rpfT_3_par5: -6.834107136285243 +/- 22.33183510415954
qcd_rpfT_3_par6: 14.383745942026845 +/- 18.25655994928912
qcd_rpfT_3_par7: 32.88008635313347 +/- 35.166963133174065
qcd_rpfT_3_par8: -4.457905007989427 +/- 3.283269153464736
