qcd_rpfT_2_par0: 5.140003970666355 +/- 0.12220665227171601
qcd_rpfT_2_par1: -5.31597298848904 +/- 0.6168421801122403
qcd_rpfT_2_par2: -1.9265952274004845 +/- 1.793798565148837
qcd_rpfT_2_par3: -3.7960050233239784 +/- 4.251493800234412
qcd_rpfT_2_par4: 2.4337236243574867 +/- 0.7745646981585445
qcd_rpfT_2_par5: 13.020918231743712 +/- 7.285793828676621
