qcd_rpfT_2_par0: 5.1344971915464495 +/- 0.13168739083150083
qcd_rpfT_2_par1: -5.271359727270125 +/- 0.7274662375134899
qcd_rpfT_2_par2: -1.9007424615574662 +/- 1.806864994451589
qcd_rpfT_2_par3: -3.6021466899331824 +/- 4.544678567984475
qcd_rpfT_2_par4: 2.3305477239898553 +/- 1.1552626850183203
qcd_rpfT_2_par5: 12.589405352056863 +/- 8.105474965075686
