qcd_rpfT_1_par0: 5.184227266825202 +/- 0.09585561930828801
qcd_rpfT_1_par1: -6.7055323063487755 +/- 0.19723926460826036
qcd_rpfT_1_par2: 3.2402031454624174 +/- 0.976068610502864
