qcd_rpfT_1_par0: 5.185155365539772 +/- 0.09940739110983277
qcd_rpfT_1_par1: -6.707025819224859 +/- 0.24793816229999255
qcd_rpfT_1_par2: 3.2317867419532336 +/- 1.021886542451826
