qcd_rpfT_2_par0: 5.264511226830978 +/- 0.15962821923728798
qcd_rpfT_2_par1: -7.7641320018729205 +/- 0.7946624869099792
qcd_rpfT_2_par2: 5.56912438993052 +/- 2.6922802653041797
qcd_rpfT_2_par3: 3.630924776315336 +/- 4.595809149208231
qcd_rpfT_2_par4: 1.1015491607849286 +/- 1.0312467474889373
qcd_rpfT_2_par5: -16.25361687136047 +/- 7.768590280984135
