qcd_rpfT_2_par0: 5.265360184489297 +/- 0.0088847349665655
qcd_rpfT_2_par1: -7.740831943624407 +/- 0.020946722239282067
qcd_rpfT_2_par2: 5.573046508305953 +/- 0.6822144983218958
qcd_rpfT_2_par3: 3.9524168464632847 +/- 3.9283863917351436
qcd_rpfT_2_par4: 0.9953856244231053 +/- 0.031558299809526125
qcd_rpfT_2_par5: -16.550135268190136 +/- 12.117014200337467
