qcd_rpfT_3_par0: 4.124958223427927 +/- 0.3676996737187128
qcd_rpfT_3_par1: -1.8034591981805137 +/- 2.9465277973408286
qcd_rpfT_3_par2: 9.079698603567962 +/- 8.224348253503795
qcd_rpfT_3_par3: -58.32735428138156 +/- 28.914800040039864
qcd_rpfT_3_par4: -4.013097504345891 +/- 7.663569884637928
qcd_rpfT_3_par5: 40.05307496645143 +/- 39.64680109785315
qcd_rpfT_3_par6: 68.03433866037052 +/- 30.41440554804786
qcd_rpfT_3_par7: -66.17006702917473 +/- 59.84713556652327
qcd_rpfT_3_par8: 2.4061798957457934 +/- 5.717519626425384
