qcd_rpfT_3_par0: 4.185619732190109 +/- 0.1127711564693179
qcd_rpfT_3_par1: -2.623929130244592 +/- 0.02649477937358724
qcd_rpfT_3_par2: 9.295161024329184 +/- 3.7486465013251657
qcd_rpfT_3_par3: -67.71294363938715 +/- 7.989825771287457
qcd_rpfT_3_par4: 0.3582542073866311 +/- 0.0296581845764258
qcd_rpfT_3_par5: 47.91756970539163 +/- 8.916067195817877
qcd_rpfT_3_par6: 99.93566668926472 +/- 148.77358100318796
qcd_rpfT_3_par7: -99.93691429931545 +/- 38.10612013253463
qcd_rpfT_3_par8: -5.7556589148986665 +/- 0.03791136873841383
