qcd_rpfT_1_par0: 4.917384311020432 +/- 0.08770860130474567
qcd_rpfT_1_par1: -3.97701996967695 +/- 0.2584439894264692
qcd_rpfT_1_par2: -0.3502223509437332 +/- 0.6988903050505899
