qcd_rpfT_1_par0: 4.808502628723781 +/- 0.07894960943226348
qcd_rpfT_1_par1: -3.496971219680632 +/- 0.18808610529534464
qcd_rpfT_1_par2: -0.5596181634925252 +/- 0.6679049971257006
