qcd_rpfT_4_par0: 9.99999999577794 +/- 0.023943922456905575
qcd_rpfT_4_par1: 49.02032446283471 +/- 2.0966428920929907
qcd_rpfT_4_par10: 99.99999999008831 +/- 42.6951549611661
qcd_rpfT_4_par11: 29.648739143540215 +/- 14.138567791812047
qcd_rpfT_4_par2: 30.954917319459735 +/- 6.611700212399626
qcd_rpfT_4_par3: -99.999999092916 +/- 5.653618002537563
qcd_rpfT_4_par4: -99.99999980467999 +/- 1.675889420294716
qcd_rpfT_4_par5: -99.99999962292262 +/- 17.649609122801373
qcd_rpfT_4_par6: -23.91547043781197 +/- 18.609158566576127
qcd_rpfT_4_par7: 99.99999773886141 +/- 126.44238614708648
qcd_rpfT_4_par8: 19.613767545685338 +/- 14.820697186440011
qcd_rpfT_4_par9: 99.99999993718144 +/- 44.6134490280085
