qcd_rpfT_4_par0: 9.999999999999009 +/- 0.02378111745032463
qcd_rpfT_4_par1: 48.23637525642377 +/- 2.1928996402381316
qcd_rpfT_4_par10: 99.999999998015 +/- 22.945048748831987
qcd_rpfT_4_par11: 27.82038858110936 +/- 15.654066767161218
qcd_rpfT_4_par2: 30.85565651155456 +/- 6.582884897798264
qcd_rpfT_4_par3: -99.99999995843709 +/- 5.378989539047133
qcd_rpfT_4_par4: -99.99999881948601 +/- 1.5898582587163759
qcd_rpfT_4_par5: -99.99999999911687 +/- 35.94424189513091
qcd_rpfT_4_par6: -30.521589178806874 +/- 17.60794015874221
qcd_rpfT_4_par7: 99.99999995368573 +/- 23.941725312080386
qcd_rpfT_4_par8: 26.20935708461372 +/- 15.673846079447234
qcd_rpfT_4_par9: 99.99999999910345 +/- 33.616900340003966
