qcd_rpfT_1_par0: 4.84483134477144 +/- 0.11139343231008603
qcd_rpfT_1_par1: -3.954719955237165 +/- 0.3400020421320038
qcd_rpfT_1_par2: -0.2856499883772001 +/- 0.979053751379039
