qcd_rpfT_1_par0: 4.754201583498551 +/- 0.10262038144161245
qcd_rpfT_1_par1: -3.568721638750567 +/- 0.2662980105156987
qcd_rpfT_1_par2: -0.3414252096742675 +/- 0.9288878944572818
