qcd_rpfT_2_par0: 4.60941205625186 +/- 0.19026808688460806
qcd_rpfT_2_par1: -5.609879051578878 +/- 1.0499080124640945
qcd_rpfT_2_par2: 0.2420372314197047 +/- 3.3341400265544454
qcd_rpfT_2_par3: -1.0085802283877896 +/- 8.010168802126717
qcd_rpfT_2_par4: 3.1199326193876113 +/- 1.6305341149695447
qcd_rpfT_2_par5: 4.8419032195661105 +/- 14.767130411916288
