qcd_rpfT_2_par0: 4.581443070646903 +/- 0.19939634130812367
qcd_rpfT_2_par1: -5.3583591397865815 +/- 1.0494778316034061
qcd_rpfT_2_par2: 1.1888705743047951 +/- 3.4063578667560064
qcd_rpfT_2_par3: 0.5439255124020366 +/- 7.185873160918748
qcd_rpfT_2_par4: 1.934489835534472 +/- 1.241159510421843
qcd_rpfT_2_par5: -1.036254266650364 +/- 13.207257852764894
