qcd_rpfT_2_par0: 5.222483666012824 +/- 0.20600315486650755
qcd_rpfT_2_par1: -5.4772105372022235 +/- 1.1677284635247038
qcd_rpfT_2_par2: -6.46373862821336 +/- 2.8897597474713357
qcd_rpfT_2_par3: -1.6845362189758015 +/- 7.204933023468351
qcd_rpfT_2_par4: 2.684856920731384 +/- 1.8474597553113081
qcd_rpfT_2_par5: 26.883141110273737 +/- 13.183727134419051
