qcd_rpfT_2_par0: 5.183509891044304 +/- 0.18693666770647877
qcd_rpfT_2_par1: -5.161024667148143 +/- 0.9285191660838819
qcd_rpfT_2_par2: -6.28144425691182 +/- 3.003743770763033
qcd_rpfT_2_par3: -0.2326373196289208 +/- 6.897018772699371
qcd_rpfT_2_par4: 1.953089541451946 +/- 1.15809262660922
qcd_rpfT_2_par5: 23.735721631089273 +/- 11.711073073683302
