qcd_rpfT_1_par0: 4.490475736462632 +/- 0.08177639998438879
qcd_rpfT_1_par1: -4.059298216982127 +/- 0.2756609593009103
qcd_rpfT_1_par2: 1.269890119666509 +/- 0.9970694373335749
