qcd_rpfT_1_par0: 4.428301081874476 +/- 0.07330159095217814
qcd_rpfT_1_par1: -3.7197458807230674 +/- 0.19293295084829087
qcd_rpfT_1_par2: 1.108381836199414 +/- 0.9618529686555665
