qcd_rpfT_2_par0: 4.556825252089883 +/- 0.12833234163994867
qcd_rpfT_2_par1: -4.248274959718238 +/- 0.6891707546063106
qcd_rpfT_2_par2: 1.6154024730717036 +/- 2.5995747468787593
qcd_rpfT_2_par3: 13.97125554436046 +/- 5.938724521262326
qcd_rpfT_2_par4: -1.805138059032632 +/- 1.1562349552834847
qcd_rpfT_2_par5: -26.948995922050013 +/- 9.753864485520383
