qcd_rpfT_2_par0: 4.6736474080598365 +/- 0.12405333144456332
qcd_rpfT_2_par1: -5.421093527770145 +/- 0.6602592945454897
qcd_rpfT_2_par2: 1.0077917203043152 +/- 2.264710250714192
qcd_rpfT_2_par3: 2.413926472500911 +/- 5.244963255325977
qcd_rpfT_2_par4: 1.9437704258973527 +/- 0.8232542119215569
qcd_rpfT_2_par5: -4.588998114227402 +/- 8.739818713729745
