qcd_rpfT_1_par0: 5.202789091979218 +/- 0.15048126368786718
qcd_rpfT_1_par1: -4.8584706730876395 +/- 0.44595399470104624
qcd_rpfT_1_par2: -3.9916178179135744 +/- 1.638855039065364
