qcd_rpfT_1_par0: 5.2282456987507935 +/- 0.145226658531167
qcd_rpfT_1_par1: -5.033927623254455 +/- 0.3552996757094271
qcd_rpfT_1_par2: -3.624806089631959 +/- 1.544688558662165
