qcd_rpfT_1_par0: 4.422381021887998 +/- 0.09171662722185481
qcd_rpfT_1_par1: -3.691989992399452 +/- 0.272913808838797
qcd_rpfT_1_par2: 0.8407597642421524 +/- 1.0847999849075158
