qcd_rpfT_1_par0: 4.457500028758118 +/- 0.08901560929125862
qcd_rpfT_1_par1: -3.875994629004414 +/- 0.22919932674762977
qcd_rpfT_1_par2: 1.079695125417313 +/- 1.0783745148415076
