qcd_rpfT_2_par0: 4.951332906655017 +/- 0.4368676550355044
qcd_rpfT_2_par1: -4.486527860250561 +/- 0.1627728235541106
qcd_rpfT_2_par2: 2.8717761187636794 +/- 0.117410089985728
qcd_rpfT_2_par3: -8.12183279003974 +/- 0.1702287509066478
qcd_rpfT_2_par4: -0.12798520735737853 +/- 0.21837071693803423
qcd_rpfT_2_par5: -10.343525564665255 +/- 0.299140153663072
