qcd_rpfT_2_par0: 5.078558201733605 +/- 0.00027539473787863145
qcd_rpfT_2_par1: -4.877219526691215 +/- 0.003656388781548614
qcd_rpfT_2_par2: -0.3101547432808229 +/- 0.041136515013726754
qcd_rpfT_2_par3: -15.915110192574842 +/- 0.3963733141597503
qcd_rpfT_2_par4: 1.2652493848094244 +/- 0.007254274903328417
qcd_rpfT_2_par5: 20.07288366284487 +/- 0.8003281211755002
