qcd_rpfT_3_par0: 4.3305204398704475 +/- 0.2505215881956113
qcd_rpfT_3_par1: -2.1910125095676225 +/- 1.904763447573122
qcd_rpfT_3_par2: -2.3441322516037864 +/- 6.901585907167747
qcd_rpfT_3_par3: -26.176539715714487 +/- 23.304110469355614
qcd_rpfT_3_par4: -1.061563658776098 +/- 4.948216162656108
qcd_rpfT_3_par5: 73.6168265289063 +/- 39.07488119759225
qcd_rpfT_3_par6: 36.62208327446267 +/- 24.111760105322208
qcd_rpfT_3_par7: -90.65488950750571 +/- 130.51247232916924
qcd_rpfT_3_par8: -1.1656000249397713 +/- 3.6291928791156516
