qcd_rpfT_3_par0: 4.3262002383432785 +/- 0.23163325526545364
qcd_rpfT_3_par1: -2.1278501540140864 +/- 1.7064762768693245
qcd_rpfT_3_par2: -2.433257562412339 +/- 5.638096593319068
qcd_rpfT_3_par3: -27.71990174560057 +/- 22.84271065260321
qcd_rpfT_3_par4: -1.134754097737008 +/- 4.264840519204618
qcd_rpfT_3_par5: 77.70158709241748 +/- 24.402687113158752
qcd_rpfT_3_par6: 37.66970058393149 +/- 21.381319347320503
qcd_rpfT_3_par7: -93.93331935666234 +/- 108.32140697234279
qcd_rpfT_3_par8: -1.0511135947116088 +/- 3.1633049923056316
