qcd_rpfT_2_par0: 4.3403977910890115 +/- 0.15080274995923038
qcd_rpfT_2_par1: -2.7249900625654844 +/- 0.7778267069544688
qcd_rpfT_2_par2: -1.0639363785486282 +/- 3.0431852919479843
qcd_rpfT_2_par3: -4.922003458807939 +/- 5.252376413250156
qcd_rpfT_2_par4: -0.9976897352512961 +/- 1.0857555184982508
qcd_rpfT_2_par5: 19.63278526569805 +/- 12.653810226314329
