qcd_rpfT_2_par0: 4.328507396751857 +/- 0.14804603792845983
qcd_rpfT_2_par1: -2.622435427327579 +/- 0.7076222074510892
qcd_rpfT_2_par2: -1.0081363553387046 +/- 3.0459708171614452
qcd_rpfT_2_par3: -4.523636786492131 +/- 5.027822281881267
qcd_rpfT_2_par4: -1.2297730018844122 +/- 0.8172581225586928
qcd_rpfT_2_par5: 18.920704640546013 +/- 12.474861420931305
