qcd_rpfT_1_par0: 4.694111557194148 +/- 0.12194552943334669
qcd_rpfT_1_par1: -5.281492144148289 +/- 0.2867947996441136
qcd_rpfT_1_par2: -2.297388540500575 +/- 1.5628298637555558
