qcd_rpfT_1_par0: 4.704784296341856 +/- 0.006227963549820359
qcd_rpfT_1_par1: -5.352437541420802 +/- 0.00788514316284683
qcd_rpfT_1_par2: -2.108152229901144 +/- 0.023390328797652682
