qcd_rpfT_3_par0: 5.143709872930828 +/- 0.16902228505210593
qcd_rpfT_3_par1: -6.3236039207454 +/- 0.9221330040745879
qcd_rpfT_3_par2: 1.147630464526617 +/- 3.7283244494332437
qcd_rpfT_3_par3: -33.36070001591202 +/- 11.099101136690134
qcd_rpfT_3_par4: 7.292930298541183 +/- 2.0458007912827725
qcd_rpfT_3_par5: 18.71738649844927 +/- 22.044510933534553
qcd_rpfT_3_par6: 26.428534361619228 +/- 12.78848152712419
qcd_rpfT_3_par7: 17.652345208273804 +/- 36.13444806736261
qcd_rpfT_3_par8: -4.0209478742889075 +/- 1.8084575367613995
