qcd_rpfT_3_par0: 5.158371158261122 +/- 0.16103509811472128
qcd_rpfT_3_par1: -6.107623333440462 +/- 0.8062136377617568
qcd_rpfT_3_par2: -0.7614092048820027 +/- 3.8060941617906314
qcd_rpfT_3_par3: -27.71951290456305 +/- 10.654818664474904
qcd_rpfT_3_par4: 6.639940234463378 +/- 1.997299843897573
qcd_rpfT_3_par5: 26.087617482860505 +/- 23.490097471043576
qcd_rpfT_3_par6: 27.216487463992664 +/- 12.170679369549104
qcd_rpfT_3_par7: -2.155476293020291 +/- 35.90153527541071
qcd_rpfT_3_par8: -4.460554796875932 +/- 1.7779374813714117
